184
28
9
24
203
207
71
92
108
54
151
72
140
76
214
85
10
1
195
251
119
228
207
165
94
32
59
63
101
124
160
244
61
199
115
108
212
149
4
129
228
251
165
230
35
171
54
5
75
224
71
190
110
122
154
224
161
188
58
119
98
204
177
84
88
6
47
235
31
133
190
226
121
178
234
81
130
26
243
161
214
59
11
101
196
163
100
52
167
68
44
103
22
173
136
18
207
145
94
152
56
175
108
28
151
180
142
68
218
101
34
161
48
57
95
104
60
143
116
220
197
53
97
64
184
124
110
246
153
200
171
76
4
87
230
15
171
222
7
59
237
103
144
174
156
24
183
172
78
22
91
138
38
195
41
117
8
193
205
123
80
228
29
167
178
46
83
26
21
163
130
54
243
73
212
75
6
69
234
99
130
182
240
73
222
75
58
69
71
128
178
83
80
118
30
203
185
70
104
106
142
128
216
253
45
241
19
217
151
42
141
0
209
253
27
241
167
218
47
35
29
53
177
66
88
114
46
211
25
21
169
130
10
243
193
215
123
12
229
213
163
2
53
243
67
212
119
6
205
233
83
136
22
207
137
94
200
57
79
104
92
142
52
219
69
36
97
38
185
40
105
14
137
216
203
45
69
16
97
158
186
184
96
110
190
152
120
174
236
25
151
170
142
0
219
253
39
241
47
217
31
41
189
10
113
194
219
113
36
217
37
41
33
9
57
201
107
72
132
76
230
85
170
2
3
243
247
215
207
15
93
220
51
55
85
76
0
87
254
15
251
223
231
63
173
126
16
251
157
230
179
168
86
14
11
219
199
39
109
44
145
20
153
132
170
228
1
167
250
47
227
31
181
190
66
122
71
2
209
94
26
89
162
42
51
3
85
244
3
199
247
111
204
159
84
188
4
119
230
207
169
94
8
59
207
103
92
172
52
23
71
140
110
214
153
8
169
204
11
87
196
15
103
220
175
52
29
71
176
110
94
154
56
163
108
52
151
68
140
100
214
165
8
33
207
59
93
100
48
167
92
44
55
23
77
140
82
214
17
11
153
198
171
104
4
143
228
223
165
62
33
123
56
229
109
160
146
60
147
116
148
196
133
100
224
165
188
34
119
50
205
81
80
24
31
175
190
30
123
186
230
97
170
186
0
99
254
183
248
79
238
95
154
62
163
120
52
239
69
156
98
182
176
72
94
78
58
91
98
36
179
36
85
38
1
43
249
7
233
239
139
158
198
185
104
104
142
140
216
213
45
1
17
249
155
234
167
128
46
255
25
253
171
242
71
51
239
248
157
142
178
216
81
46
25
27
169
166
10
43
195
7
117
236
195
149
118
128
200
253
77
240
83
222
23
59
141
102
208
169
28
9
183
202
79
66
92
114
54
211
73
20
73
134
74
234
65
130
122
242
225
209
187
26
101
162
162
48
51
95
84
60
7
119
236
207
149
94
128
56
255
109
252
147
244
151
196
143
100
220
165
52
33
71
56
109
110
144
152
156
172
180
20
71
134
110
234
153
128
170
252
1
247
251
207
231
95
172
62
23
123
140
230
213
169
2
9
243
203
215
71
12
109
214
147
8
149
204
131
84
244
5
199
227
111
180
158
68
186
100
98
166
176
40
95
14
61
219
115
36
213
37
1
33
249
59
233
103
136
174
204
25
87
168
14
15
219
223
39
61
45
113
16
217
157
42
177
0
89
254
43
251
71
5
239
76
158
54
187
72
100
78
166
88
42
47
3
29
245
179
194
87
114
12
211
213
23
1
141
250
211
225
23
185
142
106
218
129
32
249
61
233
115
136
214
205
9
81
200
27
79
164
94
38
59
43
101
4
161
228
59
167
102
44
171
20
5
135
226
239
177
158
90
186
32
99
62
181
120
64
238
125
154
242
161
208
59
31
101
188
162
116
50
199
81
108
24
151
172
142
20
219
133
38
225
41
185
10
105
194
139
112
196
221
101
48
161
92
56
55
111
76
156
84
182
4
75
230
71
170
110
2
155
240
167
220
47
55
29
77
176
82
94
18
59
147
102
148
168
132
12
231
213
175
2
29
243
179
214
87
10
13
195
211
119
20
205
133
82
224
17
191
154
126
162
248
49
239
91
156
38
183
40
77
14
81
218
27
35
165
71
193
75
215
69
110
96
154
188
160
116
62
199
121
108
232
149
140
130
212
241
5
217
227
43
181
6
65
234
123
130
230
241
169
218
11
35
197
55
97
76
184
84
110
6
155
232
167
140
46
215
25
13
169
210
11
19
197
151
98
140
176
212
93
6
49
235
91
132
38
231
41
173
10
17
195
155
118
164
200
37
79
32
93
62
49
123
88
228
45
167
18
45
147
18
149
144
130
156
240
181
220
67
54
117
74
192
65
126
120
250
237
225
147
186
150
96
138
188
192
117
126
192
249
125
232
243
141
214
211
9
21
201
131
74
244
65
198
123
106
228
129
164
250
37
227
35
181
54
65
74
120
66
238
113
154
218
161
32
57
63
105
124
136
244
205
197
83
96
20
191
132
126
230
249
169
234
11
131
198
247
105
204
139
84
196
5
103
71
79
188
241
119
186
206
97
90
184
32
111
62
157
120
176
236
93
150
50
139
80
196
29
103
176
174
92
26
55
163
78
52
91
70
36
107
38
133
40
225
13
185
210
107
18
133
144
226
157
176
178
92
82
54
19
75
148
70
134
104
234
141
128
210
253
17
241
155
218
167
32
45
63
17
125
152
242
173
208
19
31
149
190
130
120
242
237
209
147
26
149
160
130
60
243
117
212
195
5
117
224
195
189
118
112
202
221
65
48
121
94
232
57
143
106
220
129
52
249
69
232
99
142
182
216
73
46
73
26
73
162
74
50
67
82
116
18
199
145
110
152
152
172
172
20
23
135
142
238
217
153
42
169
0
9
255
203
255
71
252
111
246
159
200
191
76
124
86
246
9
203
203
71
68
108
102
150
168
136
12
207
213
95
0
61
255
115
71
55
245
224
193
223
123
60
229
117
160
194
61
115
112
212
221
5
49
225
91
184
38
111
42
157
0
177
252
91
246
39
203
47
69
28
97
182
186
72
98
78
178
88
82
46
19
27
149
166
130
40
243
13
213
211
3
21
245
131
194
247
113
204
219
85
36
1
39
249
47
233
31
137
190
202
121
66
232
113
142
218
217
33
41
57
9
105
200
139
76
196
85
102
0
171
252
7
247
239
207
159
94
188
56
119
110
204
153
84
168
4
15
231
223
175
62
29
123
176
230
93
170
50
3
83
244
23
199
143
110
220
153
52
169
68
8
103
206
175
88
28
47
183
30
77
186
82
98
18
179
144
86
158
8
187
204
103
86
172
8
23
207
143
94
220
57
55
105
76
136
84
206
5
91
224
39
191
46
125
26
241
161
218
59
35
101
52
