0.001515760
-0.002930060
-0.006819070
-0.009166840
-0.009296830
-0.007032080
-0.002783160
0.002498350
0.007502640
0.01085050
0.01143040
0.008708140
0.002933030
-0.00482020
-0.01280310
-0.01892680
-0.02122070
-0.0183280
-0.009928060
0.003021090
0.01829640
0.03271380
0.04269310
0.0449980
0.03751320
0.01990080
-0.006021740
-0.03629820
-0.06529610
-0.08658360
-0.09410310
-0.0834540
-0.05305160
-0.004931180
0.05499530
0.117340
0.1702980
0.2012550
0.1987170
0.1542680
0.06423720
-0.06922310
-0.2378620
-0.4279570
-0.6217970
-0.7998270
-0.9431650
-1.036120
-1.068310
-1.036120
-0.9431650
-0.7998270
-0.6217970
-0.4279570
-0.2378620
-0.06922310
0.06423720
0.1542680
0.1987170
0.2012550
0.1702980
0.117340
0.05499530
-0.004931180
-0.05305160
-0.0834540
-0.09410310
-0.08658360
-0.06529610
-0.03629820
-0.006021740
0.01990080
0.03751320
0.0449980
0.04269310
0.03271380
0.01829640
0.003021090
-0.009928060
-0.0183280
-0.02122070
-0.01892680
-0.01280310
-0.00482020
0.002933030
0.008708140
0.01143040
0.01085050
0.007502640
0.002498350
-0.002783160
-0.007032080
-0.009296830
-0.009166840
-0.006819070
-0.002930060
0.001515760

